gulf_of_halos={
	location=1446
	color{	
		51 23 123
	}
	outgoing={
		name="kongo"
		path={
			1575 1583 1529 
		}
		control={
			2840.000000 662.000000  
		}
	}
	members={ 
		1151 1152 1163 1998 1162 1249 1161 2239 2268 2265 2264 2240 1115 2237 1120 1096 1112 1113 1116 1130 4564
	}
}

kongo={
	location=2798
	color={
		171 148 148 
	}
	outgoing={
		name="skang_bay"
		path={
			1575 1583 1529 
		}
		control={
			2833.000000 662.000000 2808.000000 698.000000 2794.000000 720.000000 2769.000000 708.000000 2767.000000 723.000000 2786.000000 752.000000 
		}
	}
	members={
		1147 2798 2797 1222 4078 2294 1999 1148 2276 2292 2293 2270 2278 2248 2267 1095 1225 1248 2025 1118 2466 1143 1124 2249 1121 1117 2241 2289 4568 345 344 2646 1088 2468 2469 2464
	}
}
skang_bay={
	location=1313
	color={
		15 148 148 
	}
	outgoing={
		name="african_great_lakes"
		path={
			1576 1584 1530 
		}
		control={
			2734.000000 805.000000 2817.000000 853.000000 
		}
	}
	members={
		1122 1111 1119 2242 2257 1126 1164 1165 2258 1114 1139 2470 1138 2255 1125 2252 2254 2256 348 4862 2295 1313 2253 1141 1140 4563 
	}
}

african_great_lakes={
	location=2
	color={
		57 168 220 
	}
	members={
		1 2 3 4 5 218 227 22 4787 228 229 230 21 231 4548 224 232 1985 1777 4150 484 315 15 1101 1851 4556 1930 9 25 20 4114 10 8 1749 226 4788 11 4113 216 2754 219 4378 1747 1104
	}
}


